0.43458585,0.0910883167,25,33.27521885
9.7628258833,2.1379788167,31,45.2438922167
12.6892105667,4.9522291167,25,45.34066065
9.5126859667,1.3250335167,30,39.4228424333
13.4124388167,1.42671755,31,32.4265397667
15.2061503667,4.1416696833,31,35.1318576167
10.9943321,0.5927870667,32,33.0622997167
7.0836095167,6.9954160833,32,28.5032158167
12.8785222833,0.6306331833,22,22.10022545
5.1507306,3.19531935,30,28.2215706167
8.1677816833,9.1207639667,18,41.8795419333
5.1479882667,1.7562692833,30,75.2674241667
4.9488129167,2.37067995,31,23.1390944167
6.9711871333,1.3420661167,34,44.4175510667
6.1177406333,3.2751100833,30,25.8924139667
9.5042232667,2.0226219833,33,33.99938425
8.9130217333,12.0342886333,32,50.9303199
10.0990677,0.11527555,32,41.0298610167
8.5844737,15.74966815,29,35.48832765
7.2675793333,1.4245299333,33,38.6517489667
9.9677248833,7.8896556833,30,36.5018725333
9.81094685,4.13567895,33,35.2637538333
9.41090605,5.0961854,27,27.5010391667
10.9831630833,3.0711436833,33,36.1076033167
7.8815376333,6.7347490333,29,35.2066717
7.7661356167,1.59924195,25,18.9067035667
7.8356259,4.5275942,30,32.6074705
6.4885791,0.9044876667,26,23.1870760333
6.1009207833,3.8135971667,31,26.67989715
5.5023681,0.3682307667,34,28.5938400833
4.320509,0.7734365,28,44.0375312167
6.9768948833,1.7637536667,25,28.7915053333
8.1153122333,1.8369358833,30,41.5018819667
8.6061746333,0.5394542167,30,32.67108655
6.8021558,10.1641491833,28,27.8228331333
12.7591163167,8.9850928,30,52.3653513333
15.5463797833,9.2081166,30,49.26507775
14.2982612333,6.0391524833,29,43.85216115
14.3459311,14.6992369333,25,43.9455737667
12.07383005,8.3794184667,31,38.44655145
13.0850202,11.4534219667,34,60.48726245
19.6214295667,5.6429062,31,43.8128083
5.6974365,0.43972455,30,57.7994743333
12.35315635,4.3628366333,30,29.2347792833
18.0982430833,2.5359450667,29,40.68647975
5.6976038,16.4538513,31,58.6094927333
14.5288386,19.1824014167,32,84.4263565667
11.99023025,11.7177581,30,42.9229201167
11.4239184833,0.5662302833,22,47.5430062333
5.4427474167,19.9788481167,33,50.3698037167
5.7695161,7.9365039667,30,31.4089734
6.4772421667,1.0698881833,28,27.4741521167
8.9841624333,1.7113772667,34,57.0612982
6.0910737333,5.3427912667,36,40.6501496167
6.9280836,1.8167047333,33,75.3458205333
10.9901100167,2.0797878667,25,30.7932222167
9.1233570167,4.1129949333,27,24.2072555833
5.89071575,7.5762155167,28,35.3690981333
9.07402515,10.22994215,27,75.9237225667
4.9647440333,4.6593514667,30,36.0582902833
6.5019056667,11.4048668833,30,57.0849297833
7.3494890333,5.14859165,31,32.0007675333
5.4559573667,1.0292447833,33,76.0190991333
7.3983991833,14.1964559833,35,34.9268372
4.19754755,4.23189775,30,37.7591696333
5.3200443833,11.85871605,27,26.9327664833
2.9340603,1.1806180833,26,34.4269881667
4.9043626833,8.82858795,24,29.5028629
6.4604075,4.7685185667,30,29.2133064667
4.5578264333,1.3272516167,33,30.1992478833
5.4648853167,0.4949093,35,35.5867365833
6.7695353,4.6228717333,32,31.7371059833
7.3089230833,0.3361787,24,25.1264109667
7.6542334833,3.3486598667,30,37.6764787833
7.3251449167,10.8966803167,32,28.3996983667
8.9345499667,5.0106972333,30,34.68815785
6.4110255333,9.3428392167,34,38.0822143167
9.7881131833,4.5723304333,25,32.5343287667
7.4444424,7.2246817167,30,26.1434526833
9.1343074667,2.77444305,27,12.7143481333
5.0668835,2.7218592833,29,23.3250396167
7.6138488167,3.9674527333,35,36.5938686667
5.0917338667,1.3340620833,26,23.9500737833
5.8036059667,1.2948688667,25,15.6573020833
7.5456772167,1.4883025667,25,31.0376625333
4.7229341833,0.62109805,32,31.7952281333
6.7946792167,1.2677604667,28,21.8204339833
12.4754036167,0.2524196333,28,39.1551012333
6.8812401167,2.3161237,27,27.0462654333
9.0160035167,5.4866092167,30,30.3831068667
9.43521965,0.2019589,33,33.6670089333
8.7897952667,2.6728384167,30,28.1360206
29.9914927,10.6986774,27,145.9285283333
18.6827909167,2.7538120667,34,43.0703369333
18.6343972667,2.6588194667,27,33.4645361
12.2934284833,0.4981399,31,27.4799071167
6.5353853667,0.1201372833,35,33.5976628167
7.01932195,1.1911913167,32,19.50311055
4.5180851667,0.9771626167,27,22.7880280167
8.13035735,5.7799942833,27,19.3132555333
6.28340785,1.09915265,33,27.6523836333
6.2008127833,5.4829418667,25,23.4689765833
7.5712540167,0.6240973833,30,47.4008977667
9.6840955,3.9193985,31,75.5452058
5.9764899667,0.5921013333,34,34.059374
11.1364189333,0.1447257833,36,34.09577695
9.2929953833,4.4848572167,31,25.5722595667
3.76973815,1.48736045,24,17.5682925167
6.6281838333,3.1676719167,28,21.8439382167
6.7028733667,0.3558599333,26,20.44519125
6.3810669167,0.1034709333,37,32.5660827167
15.2622297,0.6019544167,35,35.6870963167
10.7103780167,1.7897978333,25,22.5584739333
9.48457005,0.3318975667,28,14.2397274833
21.1827759833,2.8473539833,30,44.1348225167
13.2697365333,0.4118005833,27,36.0585107833
5.0570060667,0.0768490167,34,17.4042196833
9.9314117667,0.2986033833,26,23.9884528167
11.6855573167,0.1033486167,37,34.856744
6.4943412833,0.12941115,29,9.52524275
10.7314559833,0.0867203833,22,26.68820335
6.8542844667,2.0228792833,31,26.6713106167
10.4350684333,0.1002082333,28,16.6455903
14.0424162333,0.3105432833,33,38.6508598333
14.4305735,0.3825605833,27,26.97817075
13.1989896167,1.0070611833,30,25.8136261333
8.0115797167,0.2103221333,31,30.9362322833
13.6276623,0.2410347667,36,25.1586231
11.9888993167,0.08917065,29,21.5768446333
13.5709009333,0.1714090167,23,23.6870574667
13.9548207333,0.1638383333,28,29.8224617
7.06836755,1.1259167667,23,31.4450101167
4.72540575,0.9787757833,26,33.15275215
10.4893903333,1.0873687,28,24.84053965
9.9942974833,0.1633954833,30,28.83455655
10.4708674667,0.1215491833,31,22.55406155
12.4441410833,1.1313564667,31,22.9283665833
11.5603328,15.1914604667,26,36.11353035
13.9022617,0.5174158667,32,37.18364865
14.60359375,7.6443793333,36,34.05755935
10.88378215,24.07450685,24,53.6609191167
8.3547138667,8.8966272667,34,35.2760989167
11.3844216667,14.8545690833,27,37.0974497833
6.1898575667,11.0828654667,35,26.2465554833
11.8842814,4.1667300167,27,18.6269742333
5.5893873833,14.0376123333,29,21.4748708667
7.5123732,12.4865545667,32,21.01880655
19.5167878333,1.8012789167,25,33.4127076
20.91927545,1.3135613667,26,47.4556725333
19.0536012,6.6572420833,25,47.9720154833
19.3637782,0.7368010167,32,72.8043278
30.3996343,6.9699637,34,79.9601735667
21.3543150333,0.4879814667,28,59.4272670667
12.2407922167,28.2771386333,27,61.8171607
23.0745807333,15.287746,25,113.8522395833
6.5055936333,19.5440318,27,93.9870288167
8.0600076333,18.5547465667,30,48.6585079667
9.0261606,38.5623474833,30,97.9339557
4.62533995,7.7328613167,32,39.812382
8.5354655333,30.3048445,33,55.9364418
7.4750240167,9.3742878833,30,41.2740344
8.1211915,13.4913603333,31,76.6539939333
7.57930335,9.4828929833,22,68.27256935
9.0691368667,3.1145945167,32,31.2491558
14.1809461,9.7476601,33,45.9922136167
10.8879225833,59.9088001167,23,147.4378146833
2.9507213667,26.0974927667,33,40.1736544833
10.4757524333,6.6514560667,32,43.4624227
9.1401074333,26.2844851833,25,76.2558720167
8.3374942333,10.0742920833,32,38.55005535
5.8713316833,9.1334519833,28,34.1769262333
9.0984789667,36.8838741667,25,86.6789702667
5.6717633833,5.7603585,26,81.0960232333
5.4685686833,8.3703427833,26,60.10352535
5.7382124167,8.6608836167,25,37.5471847167
4.4727387333,4.8715748333,32,38.0050499667
5.9341790667,17.5561966333,32,36.71404195
6.7760652167,6.7954314667,32,34.5349199333
5.0675421167,5.7428123167,27,60.8713944167
5.6497717,9.3805527333,27,40.7637391333
4.7922590667,28.1091166167,33,54.7409775667
4.9728366333,13.3058022167,30,35.37039685
6.0033130167,14.9865489333,27,54.3500882167
6.1971691167,17.1373553333,34,31.8763703333
4.7074219833,21.8311310833,30,43.50220945
9.2712448333,12.03502715,35,65.6847207
6.7104113833,4.1234555167,27,32.7138312333
7.7483257167,4.15881685,32,22.7656472667
9.83184705,22.9757134833,32,55.00800835
7.8622744333,4.45544155,30,39.9471024667
12.0968012167,2.4847047667,25,37.48801645
7.9537604167,9.03611875,30,30.9079229667
4.0556160833,2.22209035,27,32.8221657333
8.0393287833,4.2645099667,29,32.21834645
10.9607596333,5.0029189167,28,29.2638141
10.1913030833,8.6714022167,25,25.8019965833
12.5280764667,1.80702425,30,22.13519275
7.6183943,0.0883082333,28,34.5517960667
13.6779867167,1.7579331833,33,28.6879484667
3.3304338833,5.21030925,27,40.8338771
9.6599909,7.88198905,33,43.9894792833
10.8863170833,0.0909687167,33,45.03090185
12.5189341833,2.1437852833,30,32.3601814333
11.4169999833,1.6380487667,31,38.61143975
11.39016895,7.9984618167,30,35.70485415
7.8849405833,11.1350133167,22,31.62042805
11.3853168333,0.1846015167,33,59.4480928833
7.1775774667,5.3719172167,31,61.6039677667
2.4229290667,4.6645192667,26,39.46688215
7.8308293167,1.4823819833,25,27.77244335
3.50240905,3.9664116167,28,25.7531699167
6.8466880833,9.6749586,34,32.8170904167
6.0483272667,1.04237105,35,25.0548503833
6.6275468167,3.1075815833,24,29.5913284167
6.3852996667,1.4436614167,25,22.4754522833
6.8001422,4.8903779333,37,32.8682151
6.8447595,1.0469478833,30,22.9964685
7.80710295,2.46156475,25,25.8849451667
7.3589784333,2.3427965167,31,35.2033288667
5.7837774333,0.96029005,25,39.0924251167
8.4771573333,4.3569354833,29,29.3466184833
7.2655458833,1.92328665,37,37.9651208667
5.5738920833,8.7651334667,37,40.7631229
11.7698146,6.1249531,26,35.3192702667
16.3945845833,7.5656863333,25,32.0288796833
7.2192018833,1.4101006,33,36.6748997
9.4321720333,3.8292591667,32,27.2420842
6.1302543,2.2360266167,32,19.7253441833
8.9631311667,2.5315700333,32,22.3932376667
9.8619569333,0.1149693,28,13.16403655
7.6466672833,12.1695452667,24,27.0078232
13.7264437333,3.0652821333,34,39.1259515167
13.7169170667,3.0697599167,31,28.11069605
8.2515942167,0.34832505,27,17.29597015
7.7317885333,1.6819401167,30,20.2219107333
8.8854442,1.4084064167,32,31.43977545
10.9002305667,0.2193174167,32,22.7615321667
14.05104745,0.3185164667,25,45.8283222833
18.63806925,0.3415398167,28,34.7275878667
20.4203536667,0.1326344833,32,38.9260592667
14.3148497667,3.0837024833,28,38.6416684667
8.5086567333,0.1749809833,28,27.4058671667
11.8272629,0.2098234333,28,26.9116228333
10.7141977333,0.1039166167,26,16.4605155833
10.6716560333,0.0621394333,32,31.8835945333
6.0383707,0.3524900167,30,9.3198648
12.1471381667,0.1014537833,28,29.2989937333
10.0663180667,0.1806366167,32,27.2009271833
12.9226359,1.2958002833,27,26.2673510667
7.9456739667,0.1125257167,27,30.5519677833
5.0829693,0.1043524,23,14.3978328333
16.2975786167,0.2000524,22,32.1522835667
17.6960193833,3.7635183667,12,29.3064625167
10.8760592,1.3256057667,28,23.25053475
15.6951636333,0.125694,31,31.4476603
15.7465878,0.1687731833,34,23.74211645
13.8824657333,1.4620142667,30,20.9565765167
10.6724236167,0.1587557333,33,24.5575803667
12.0097861333,0.1362897,32,39.3979485
12.1999210333,0.23441265,29,39.8941165833
12.2647012333,0.1975583833,28,53.8774211833
14.92594425,0.85142185,34,37.2149462333
16.46327635,0.4081251,28,35.5635817333
11.8379980833,1.8432549167,31,41.4062188
15.0840775167,1.8717321833,30,30.8349191
5.11051535,2.8424673333,33,28.8296042
5.84451615,0.4491986167,26,23.3399414167
7.3625764167,5.3555090833,25,21.24719255
7.32420635,4.46890135,32,36.32478205
3.6068951,1.6499200667,32,18.3079283
6.5212300833,4.5314617,30,26.89311825
8.12709095,1.0858211833,29,30.3883633
8.6358178667,0.9986315667,31,22.37975885
7.3550466833,0.8308947333,29,14.0058882333
7.6831877667,2.6261494333,29,21.5311393333
13.709629,0.4390152667,30,37.6607037
6.2575695167,2.5656551667,30,19.7965557167
8.0088901833,25.2707854333,31,50.6409222
6.6727466,29.8728216333,30,62.5248501667
8.2362547333,28.7230803167,25,49.9539552
4.7191935833,34.12117585,30,59.8409354667
5.33078085,7.8236051333,34,22.26683725
5.7062397167,13.3229133,35,28.4134414333
9.8552725833,14.63569095,24,29.1727086833
7.9583401833,1.1861889167,29,49.5190713833
7.8033738833,1.7616709333,32,35.9540042167
7.52637495,4.3685553167,32,22.9812557333
5.1514985833,13.2580366667,33,59.8090484333
12.7558532,11.5645431667,34,51.9321570333
7.6767803667,12.1524297667,25,28.2630897667
9.32089535,12.168125,25,25.7049481167
5.5402943,19.8758762667,32,42.0366249333
7.1334125833,22.3007896333,33,35.0052795167
7.5024979667,28.7047388167,30,50.0336318
3.30547495,11.2960198333,28,31.7116083667
4.8291327833,11.30395735,25,28.1160589667
3.9591199833,20.1656355333,25,30.1203603167
7.51856395,0.5453986833,30,48.2169964833
3.9688442833,52.3976063833,34,109.91949065
7.8877170667,6.8997787667,33,40.6929234
7.7394627,3.6154597333,26,52.1076813167
9.9273905167,6.8135999833,32,43.5120959667
5.6151993833,6.3829438333,29,20.163123
4.4638278167,7.9859734,30,28.7730316
5.3706198,13.3737652667,32,32.1364263333
6.1539642167,10.8382551333,24,49.5989487333
5.1732604667,12.1777975333,30,41.7990310333
6.2622521,4.6947618333,34,26.9372906667
8.9175295,3.82361665,24,46.3753728833
5.8315609167,9.67874165,38,82.7926688667
5.0152634667,1.4395991,29,18.2495955333
7.3682347667,11.5182625167,26,32.8375241667
7.3050584833,9.8008151667,32,34.6511715
6.4938982167,0.4794936667,32,35.1272675167
5.6079137667,1.4091212167,26,28.5193893167
7.5285668333,1.1631546167,30,33.6788685
6.8893660333,5.15517465,34,31.1890626333
6.61705725,1.0569520833,25,20.0848878
4.03175985,1.25595535,26,37.3675408833
6.8672365833,2.1989614333,27,33.8368979167
7.7399718167,3.4015964667,25,55.6526523667
10.7678947833,4.0293612333,29,44.4801456333
7.1246877,7.7084169167,33,33.5818579833
5.4658826167,14.1305374167,28,34.4538372167
8.5835176333,7.91954515,34,37.7663273
3.8474043833,1.5959612,27,32.0364878667
6.21982715,1.5481372333,30,32.4398539833
5.0665342,6.48386955,30,27.6520987
8.9969285667,0.1712552167,37,36.4259653333
7.1840042333,2.8983366833,37,26.88556415
13.3316412667,1.1370518,35,32.50447285
10.4350677167,0.8958127667,28,24.3874395333
12.7778615833,1.4107223333,38,64.2429783
10.2774994167,4.0325102833,28,46.91276685
13.5000574667,1.4239089333,35,39.9645732833
15.2608651,0.52593625,26,41.0088442167
8.0368629833,8.5826263333,36,29.2512314667
9.5124249,3.7166008333,30,37.6721530167
11.8407719667,1.7682048167,29,29.9263406833
5.5599475,2.2209698333,29,22.44915885
5.3231209667,2.8702547167,26,37.1975058
5.91797615,2.3826836167,26,19.6296229333
2.5769227667,0.800784,28,4.2096787
11.32236565,3.1073594,25,26.9881381667
8.9969864667,1.39157055,33,31.5107276667
11.39620245,2.2070787167,28,24.9450697333
10.3555007167,2.0540494833,31,29.8425066
5.68988565,6.6388252667,33,29.1542578167
7.4965809667,3.1621991333,33,27.4953254167
9.4527892167,1.9751234833,28,16.3905928167
6.1682960667,21.3321689667,34,49.0619922167
7.7451820667,2.0673923833,27,36.2087697667
9.3953923333,2.1233707333,27,24.8908077
9.30199575,1.7933229667,31,31.3863093833
11.5419512833,1.84807525,31,23.5561087333
6.52477765,0.1008777833,28,25.5830686333
7.5650957833,4.96117695,25,24.2750187
11.5788900833,1.20512605,31,32.1474813667
7.5814945333,5.7760551667,30,26.1077594667
11.5060098333,0.2163770667,32,38.5116698167
13.8257451167,0.1437747333,30,38.0448634167
15.59433845,0.1159704333,31,32.6336058833
18.9573254667,2.2309913833,25,37.2460611333
17.66136035,1.03414515,28,34.1630535667
12.5437417167,0.2124844,27,31.2652169667
15.5888881667,0.3307519833,28,31.02989935
3.3612641333,1.60871195,29,18.9894591167
4.59445745,3.9974661667,32,15.6107720167
6.8896024167,1.5430618167,34,18.4753097667
5.7688541333,1.2085132167,26,21.5149522333
4.1159315,0.7626693833,29,22.1596476167
6.1987835333,3.3264609833,26,18.1768506333
8.9535099333,3.4310851333,27,19.8793011
6.0430894,2.4238184833,27,17.9348700167
5.2623346,6.2711332667,26,19.88250115
5.20790275,6.4796319,27,25.0443005333
6.9470202833,3.1013535,31,29.9726675667
9.7202841667,3.3788077333,27,29.5081731167
5.6319594667,0.1715527333,23,22.6250858167
5.5879275833,3.2039809,25,17.2627166167
8.2662126667,4.4751035833,29,37.5415245
12.05040995,1.4917357667,31,33.39744355
12.7766784667,2.40482465,27,26.49929715
6.0349340667,1.8125202,24,32.73404675
19.0914286333,0.1044043833,31,31.4504743333
14.3578579333,3.2212073167,28,33.91600795
15.6748785,8.96535475,29,30.6073300833
17.1690676667,0.20798915,25,21.4305377333
18.895915,0.1818940833,30,27.3173456667
14.0457036333,0.14895385,25,39.1509968833
14.8411223167,0.5950033833,24,35.5309791167
15.3653164,0.2887717667,36,39.4989265
16.2503875,0.6518325833,25,27.0446503833
17.08687055,0.3369865333,31,29.3417367333
21.54937885,0.7774937333,28,36.0486662333
12.0946380333,10.8231289,29,36.3174647667
3.6038479833,0.0988626167,35,31.9747777
5.55837795,4.0489277333,36,31.3842335667
8.8126668,4.2335589167,25,27.85351875
10.2775199833,4.26312295,28,22.79576435
8.19563705,6.9667724667,35,38.9018041167
7.1442803833,16.4444934333,28,34.3375603333
10.9606774833,10.2877390333,33,46.2758975
8.8014741167,2.3147023,32,30.9988696167
5.3597324167,5.2768842667,26,33.8871191
8.4670540333,7.3728506167,28,27.4706448667
5.33965505,1.9948277833,28,51.3040013
8.4430563833,5.4170692833,32,35.8738787333
6.0480861167,2.4822232167,28,36.72968565
8.2060578,0.33618105,32,32.0760347833
5.64755825,0.7707333667,27,37.6671140333
7.6349346667,6.0869959667,24,41.9154706667
9.34734805,1.9810260333,35,36.4093793
6.4941123833,6.68153095,35,28.66324705
6.5541877667,5.99125045,24,24.2012476333
0.8715289333,0.9911442167,25,2.00615285
6.8265804833,0.37190215,32,24.2388530167
9.4164433333,0.3067704167,30,26.9366583167
6.2380971667,0.4617975333,32,39.1550929833
8.0576230167,0.7871760333,30,31.5035985667
6.6496735667,2.3744199167,26,24.1369834
6.0700457,8.11173795,30,21.745719
7.0513808333,1.8182131333,31,32.0959502833
8.7306342333,1.8936649333,32,38.2386285
4.9287897833,0.6975288833,32,11.85646665
6.3036854833,0.2374220833,29,17.880307
7.0512112833,14.4723271167,30,35.3549174167
4.8840183167,0.17944825,32,49.3094358
7.7213356667,1.1704405,30,21.3722189333
7.67207095,2.01281815,33,37.3828463667
4.8929270167,1.9641507333,31,21.4473848667
6.0002261667,4.6603580167,24,23.3479533
5.1175259667,7.0005665333,35,42.7865384833
1.4727118,0.1306367,33,27.7242827167
4.2408991833,3.8438215167,34,43.7972709333
8.78808695,4.3274224667,30,36.72644095
11.2350280833,10.38751125,32,36.1791791167
8.7891488833,5.3499044833,28,32.00428035
6.0181965,2.8098755167,32,23.7981331167
7.1423372167,5.5141184333,30,36.7564479667
18.6165132667,1.2239515333,30,36.0406718833
19.5044946833,1.4029319333,29,36.5609167167
14.94977595,6.4549548667,26,54.4663939833
20.4205629833,1.4388716833,31,46.5946743833
18.5464084167,3.2303821833,31,64.0787186333
14.0959479167,8.7602251167,29,39.34876755
15.7907225333,0.1581494167,32,70.6194923333
14.567403,11.3862678167,28,34.2221042333
7.6958423333,0.9364182333,33,27.5743673333
19.2245005667,1.720242,27,59.24599025
15.24099865,2.6198247,26,32.7865751333
15.5969460333,6.0102862,35,41.6967220333
8.38355295,3.7777891333,30,37.1369071
8.36919265,12.3963863833,29,50.5887953
9.2336704833,8.57572815,34,27.3005044
9.12191405,2.5427298167,37,34.8186413167
8.13326035,7.5573190333,27,24.3350995167
3.0519004667,0.9399689833,26,25.8677962333
7.5962089667,3.02494125,30,36.8828176833
8.5073189667,6.5762393167,29,28.228526
13.0008285333,11.2367214333,30,45.89450755
19.8854994667,5.9150982333,30,36.6383425667
12.2363202,1.9128113333,30,28.3683251833
7.54157685,5.10098085,28,31.5586584333
12.6730671667,1.5280750333,35,56.14310145
2.6218302,0.740664,25,12.1917215333
5.3058135667,2.7921074167,25,21.5883455333
11.9910559,3.3144464333,29,29.3067894833
8.8757421167,4.8266382,30,19.5447025667
14.76442435,3.3040176667,27,26.3136086333
22.4347072333,0.2210908833,26,43.5524556333
15.7485796333,2.0507028333,30,34.6971786833
12.3317108833,0.66812475,31,48.67347895
12.8487837833,0.4034480667,30,63.0715099
13.9055241667,2.3815034333,30,41.2267494167
26.9388189,1.5048428833,28,38.1103487167
8.3115734667,0.1361647333,37,27.6804914833
6.6703843833,0.0589172833,26,24.7222782833
12.6742788667,0.4632711667,24,36.4664377667
14.8145827,0.8826916667,28,24.2752967667
19.6251117167,0.9370535833,28,37.7709333667
20.0204724167,0.1054052167,33,38.66216525
11.15141775,0.1268767,27,37.4417680333
7.2991715667,0.1202544,30,20.3011618167
11.2198606,0.1460089,30,28.8702553833
13.40470965,0.2433356,25,22.57511815
11.3265371667,3.7092739,29,31.60440295
13.0938754,3.8147245,30,25.16393135
17.4381720167,0.2421851,33,34.29008145
11.7511849333,0.1390817,30,33.8870788167
14.64558335,0.2166045,25,36.6022498167
16.1071767,0.2634375,28,32.6076913
18.7150963333,0.2965242333,30,29.7725657
17.9192499167,0.1687732167,36,46.4196661667
21.9830642,0.4196841333,31,36.5690333
15.1686805167,4.0465234833,27,54.9699809167
15.1948881833,9.3470977333,30,31.5541383
16.6923952167,0.2312217167,27,19.0227552333
13.9849614167,0.2839081333,25,26.6511170667
14.7121934167,0.17684915,24,33.4127344833
17.7381960167,0.31293325,27,24.3278749167
14.9184348833,0.0908562833,28,36.31256905
9.1466043167,0.1041626167,30,22.1785540667
10.9427173333,0.1016971,33,31.9755450667
10.32215595,0.2500391167,33,24.15825055
13.811649,0.2958466167,29,21.0176226333
14.2640499,0.47101175,28,25.3741488667
9.0750691,1.2334656167,28,28.8948492333
10.4023391,1.2645377,32,21.2205712667
19.7827618167,0.5105361667,30,25.7386152
9.18238025,0.1445755667,33,35.41842805
11.5805833167,0.17093845,31,45.9495969833
9.0883682667,1.2081133167,29,25.2158639333
2.17799855,5.1400177167,28,22.66410505
3.8358955333,0.23077065,25,24.2734816167
26.2479744333,0.07522335,23,58.5052208333
26.5493862667,0.2466333667,23,41.9589761833
17.0414239833,0.0864043833,30,34.34445335
3.3587831667,13.6883489,37,40.57250705
0.2468638667,0.1337746667,28,0.85846125
12.3816576833,2.8295754833,32,31.9928791333
5.68147375,0.9749432167,24,22.5057244833
5.8436286,5.53692425,31,19.3239587667
5.5659242167,2.3491631167,28,14.9028654
6.3721559333,17.90631105,18,27.7805613
6.7931702333,6.02716595,32,29.54576045
6.8581189833,23.8987712333,29,41.1247774
8.0258350833,7.2297810167,30,20.0316331167
7.3541965833,8.0165503667,32,24.7321567333
2.58934595,3.2836862667,32,21.1287206167
6.4152794167,24.14592555,36,49.2436528333
7.6792713667,4.7788546,28,51.20331175
6.0545683833,6.89432745,26,32.3279205
4.0824486333,0.1114875667,24,39.2698534333
3.4818931667,0.2267283667,26,31.3840399
5.1628129,0.3051969833,30,21.4594906833
2.4716815,0.5925388333,26,24.4753544667
5.95599365,0.45747615,35,52.3893218
6.3143670167,1.1453905,30,30.4497155833
6.4813019167,2.8769020167,24,20.0788157
9.2027841167,7.1874766167,35,38.02305555
6.0515926667,7.6833542,28,27.8251524
5.6021718167,10.63222095,29,23.3051571833
6.18568045,3.1028952333,28,28.5461563333
7.0631866333,4.6743842,28,21.5199417667
5.9909275667,1.53415225,30,14.1396600333
5.8370580833,1.9195904833,28,27.8934856333
7.4101922167,9.6285596833,22,38.3720990667
9.1340108167,3.0354030833,27,16.3081514
4.78030275,5.3640550333,37,28.0244028667
5.3200333167,6.68402815,29,26.8733044667
6.6588662,8.1306327333,33,37.0005304167
7.7038548833,11.7010124667,30,28.3743876833
6.0293836333,11.75114455,30,47.338069
11.2938765333,9.71772185,33,57.7549257167
7.21770375,3.2802048333,27,31.1329021333
5.4458927167,17.7862334833,30,30.759692
4.5730963833,9.1650304667,26,28.1555700667
6.1096439333,10.0042705333,30,26.4413168833
9.1290156833,0.7001213167,33,35.5802701
8.46260875,5.3272255833,26,37.9939905167
8.9978301167,7.8665251333,32,29.8809390167
5.4761704333,1.1787361167,34,19.2666842833
5.8968173833,2.5167015,33,33.6218739
8.7869754667,0.5700918333,30,36.1133498
6.9246552333,4.2711920333,30,24.580437
6.2752401333,4.4955648167,28,23.25424405
4.0165347667,11.2545208667,27,35.9576315333
5.2613488667,1.2047124833,34,59.6153707333
6.2367099667,0.9889198333,37,28.66539055
5.5105280333,1.4619018,26,25.3744478
6.51587815,0.9772715167,33,21.8047730167
8.4768717,9.6798175,30,25.330269
6.1908695833,3.8620615167,23,24.0433448
5.36000685,0.7190655167,32,23.9306255833
8.9093008,0.5741246833,33,52.16767705
4.4065328167,6.89699305,33,40.7241458667
7.0646928,6.2017928833,32,25.4021069333
8.6106699667,7.0349236667,32,30.8634215667
7.4104293667,2.3967741833,32,37.38536285
8.6618588167,1.6278117167,30,33.8859560833
8.3335912167,7.2934017167,32,36.4935985333
8.4270038667,3.9672161833,30,30.0221207167
3.2253437,3.0674059,28,29.3718184
5.7297004833,3.07081035,26,20.35886415
5.4457487,1.6135827667,35,25.37626165
4.8522012167,2.0220569833,30,35.1755781833
10.84042065,2.9035773333,30,36.0131222667
5.7191822667,0.4760010833,29,19.4000063
4.5836601833,2.06765135,29,19.8421140333
10.60911855,7.0399301,30,27.18474075
13.4724436333,5.5577167167,29,38.0734375333
11.28445475,0.069045,29,18.8191884333
13.9641642167,0.0927527667,29,24.3259464833
4.0661458167,21.1045016167,35,26.4405400667
7.2636269333,3.5333437333,27,23.5384562
7.0699131,2.3481609667,29,16.29849835
19.6535608,4.6646578,34,37.28126835
4.6001976333,2.2343074167,26,20.1695004167
5.0152534667,3.8134943167,28,35.49486645
5.6550099333,0.7784459167,25,20.04860465
11.8802716833,0.7986119333,27,19.4909470833
11.5314853333,1.2049223333,30,19.0457897333
15.45640695,3.4315907,29,22.0577662333
7.3659487333,3.1103403,30,26.14759905
4.47865105,5.3812355,29,24.4199937333
4.9102592667,0.1349163333,23,22.3442750333
4.25699035,7.1405682167,26,20.1907010667
5.2074591667,2.7041270833,30,32.9937383833
6.27664785,0.11251075,23,19.5714545167
6.0402263333,0.2323091167,30,24.4146347167
6.3060620667,2.0845217333,28,19.9193909667
8.2689252167,0.3565224667,33,24.85386245
13.0038162333,1.05538815,35,34.0152722167
9.2674242,4.0947693167,32,24.3684197833
11.4138253667,5.3379935333,27,28.875735
15.2006008333,4.52452695,30,25.7862689667
16.21319845,1.6105781833,33,31.8701054333
19.0801359,1.7096934,32,28.7948288
10.2067379167,0.5586684167,28,22.6020719167
10.6098843667,0.8512985833,30,17.4024655833
11.7232323333,0.0846570167,25,47.35930215
5.9725833667,0.0984059833,30,29.6000663167
9.0655832667,0.1144073,32,21.06316865
14.7093454,0.5384504833,30,31.2861097667
13.6817266333,0.9887798667,30,32.4057766
15.4084094667,0.0807371,24,33.8148154833
6.58669865,0.1484515833,31,22.8118035333
5.2224139333,0.2298826667,30,32.8579983833
6.15894005,0.0727099,25,25.3345248667
12.56508405,1.2700095667,32,35.0866297
14.5256370167,0.1416563833,31,22.6519876167
2.0282617667,13.2817283833,31,30.9999018667
8.0714347167,0.1161555333,23,16.8996483833
9.3698619667,0.1892664167,33,21.62598295
13.2193486333,0.0928966833,32,27.7433042333
11.48284135,0.1935261,24,18.3025567833
10.9356217167,0.1036213167,24,25.9349454167
14.2134358833,0.5261042,25,24.2898897667
14.8157188833,6.9161422667,28,40.3337613167
15.97775135,6.9232067167,30,32.21503545
14.3686636,8.4879944,30,34.5665100333
17.67284485,1.90271555,32,37.2078106333
19.2477805667,1.9538861667,32,47.6115482833
12.6242226333,15.4050067833,35,36.9134704833
11.5475393833,1.1440642667,25,29.5123447
7.9565347667,2.7088761833,37,38.1721512667
5.9608565,9.7723224333,34,34.0688012833
8.6411020167,7.3555836667,33,36.5315554667
8.8751160833,11.7519199333,32,29.8166412333
10.6587596667,7.4600065167,30,31.9194241167
16.04362675,2.37291815,30,45.5194182
11.4579510667,8.3867708833,26,34.4753396667
13.0369436333,9.11364435,30,29.1603328167
5.3242439,2.6394115,30,26.0114125
8.92424945,1.4103842,25,24.2963126
6.7177153333,2.24257185,30,25.83862325
6.37422455,10.8458644333,27,24.22199455
4.3160971833,10.3895083333,30,23.1734196
6.5869094833,12.3205856667,31,44.2812233333
10.30265655,10.36084985,30,33.3386996167
8.5607992667,3.7542239833,34,35.5820111167
7.9826573333,6.8699923333,32,23.9769433667
9.4669391833,5.2516835167,30,26.3800934333
6.2449482333,2.7057276167,28,31.6131862833
6.3651346167,6.4725137,27,23.74599145
10.5690222667,0.2029598167,32,26.8657513833
6.6756414667,4.3994454333,26,34.7316581833
6.8540030833,4.37853745,28,29.7436824333
8.01359705,9.5407044333,30,26.8223457167
8.34394045,2.0331486167,34,37.6810059833
5.5385524667,1.37552595,32,15.63016265
4.0246120833,2.0975572667,30,37.93510135
5.5675068167,1.4926185667,32,18.9858910833
4.5246222833,4.4600134667,33,32.4032810167
9.6059889833,4.40996045,30,25.74571885
9.3794630167,0.7474313167,34,39.9537646
7.7538683333,5.3555289167,36,28.0145279333
7.2871108833,1.4203044,29,34.4676197
10.0803579167,9.9763759333,33,43.89860265
5.3706240167,4.0946904833,29,26.7812055
5.3202648667,4.9551736667,30,18.85136265
7.1719112,5.4871452667,29,37.4349652667
13.97028905,2.72389285,30,42.8301404333
12.2732455167,5.2769547167,23,30.8502438333
10.935501,7.8489984833,33,36.11968735
14.6922879167,4.7441257,30,28.11437905
8.50541415,2.35647125,31,33.7057323667
5.6761404667,1.73831575,33,34.0096485833
3.3970255333,5.8066312833,33,25.7708280833
6.24134875,14.8106206333,31,47.0590167167
7.6862672333,13.6878608667,32,56.0618437333
6.0908068333,13.30890895,31,44.2217235167
5.9722742333,17.0137842667,34,31.2771221
7.4992608333,1.1813815667,30,29.8437284
6.9643543,3.2098621,30,41.9230510667
6.69506875,2.3957689833,26,31.5918483167
5.47509395,5.16636655,32,21.2512282
6.1839661333,8.6653973833,33,36.6830928333
5.6891653333,11.7090173333,23,28.8914294833
5.2398477,5.4007922167,31,30.66200055
2.6387991167,0.1733415333,31,12.4558183333
9.11991425,9.8410929333,31,28.9733791
10.5084125833,3.8719188,29,20.9583246333
6.9618125167,0.3129571,25,35.97085365
11.43077215,1.69035615,34,33.2318567333
14.6335693167,1.58285715,34,46.3594779833
15.6702712667,2.0688354333,30,30.5978167833
14.598686,6.2886954,37,31.4751729667
11.2507399833,1.8006146833,30,32.2526756333
13.5097014667,10.11380925,23,42.7767994167
22.8093536167,4.0696037167,36,48.0326498833
13.6484305833,0.1451816167,35,28.5008421333
16.078253,10.38434105,29,36.05511855
11.14530765,5.5928134,32,39.1704032167
11.8953491,3.7386762167,32,36.0215708333
4.9549393833,1.4592743833,22,24.8865095667
19.4266905333,0.7016798833,14,34.9312597167
7.2995643833,15.41227485,33,33.8863562167
7.8573210333,10.22525675,25,27.3548943333
7.89902635,1.7457245167,32,37.9226379
12.9549722667,1.7515061167,33,28.8607785667
15.04969115,1.6585042667,33,28.9112254333
13.2884810833,3.58677155,29,27.2870756333
19.65362795,0.4423858833,32,35.0141456833
13.1256396,0.3775269833,30,30.85794395
14.0158489167,0.6003340167,30,26.2838001667
6.0576037,13.5637420333,29,25.4069095
6.00484155,8.3741836333,31,36.3724120333
4.6629150833,1.52344875,27,20.7551449
10.60210105,0.6687190333,30,26.9492450167
6.4209927667,11.3050594,33,25.0381015667
10.6770248833,2.3120164333,30,46.5529908167
10.2650676833,2.9166875833,29,26.9155643167
11.032603,0.9304021167,30,27.6543640667
11.2065788833,4.6818817667,36,32.6604872167
14.7842569333,4.5492223,30,29.7911247833
8.3271487667,13.1184421167,33,26.6977098
11.4188684333,0.9265242833,30,33.5009757833
12.9598969667,0.9411754333,29,24.5005174667
8.6906148333,4.7659641667,25,34.6534125167
12.2990335,3.1609125,33,30.4676920333
10.4345882,2.7120557,32,24.37471785
9.9740451667,5.23205115,34,27.64627105
7.6485719,3.88507525,32,29.7328724833
7.0967689,4.20844095,27,33.0978755667
18.1537050167,1.719674,29,41.63019225
18.1490875667,1.73737855,28,31.9857093333
12.6729516167,0.1052705167,31,24.9801349833
7.3739237333,5.9395891833,30,31.5738473333
19.4894738333,0.0883913667,24,31.5624936167
18.0829398833,0.1368150167,23,39.14643575
5.375286,11.5799063,26,38.7921194
7.9420398333,11.5909978,24,33.96349995
5.4471871333,2.8369503833,29,25.5670994167
12.9336014833,0.44080265,31,37.2310502833
12.58369855,0.8542869667,34,29.3538998833
13.7169704833,0.9780994167,27,31.9084854167
5.05330915,0.1310803,30,24.9123315333
9.4246028833,0.160535,27,32.7528984667
12.4003972667,0.77807755,25,28.2143009833
15.6667359833,3.9486655833,30,25.7641209167
17.51065315,3.9046731667,29,33.70400925
14.3450310833,1.3509032833,25,34.1122571667
12.7885503167,0.3995622,33,36.2260660333
15.9716145333,0.7051113667,27,35.0322491167
16.1623256167,0.8837399333,30,26.2222806833
9.0639619,0.4665578667,27,42.2603660833
8.1352183333,14.18547735,33,35.3120093333
6.1928174667,5.7146906333,30,18.9704066833
6.8081574333,10.9506397167,24,21.3079228833
6.7330381,15.4197534,34,32.0363436333
4.5899066167,1.6970616,25,23.6519208833
6.2506986,1.8609832333,28,28.9188939333
6.7917644,2.8051213833,34,19.9724037
10.1236218167,0.4909028833,34,37.4910489333
14.4435610667,0.1407663333,30,35.22148935
15.65694685,5.9484604667,26,30.2820753
12.3062778833,0.3743476167,31,34.6789852
5.9889906,0.9970972833,34,25.3914174
6.6579041667,10.9787147,32,27.9758078333
7.8515084,7.36236995,33,28.2691103333
1.41418685,10.307443,27,19.5385609833
10.4134979667,1.6623389833,34,36.2090142667
6.5715751667,7.2773039167,31,31.9372559
13.1695904167,2.0751635167,28,27.3085067833
11.3293877833,1.5142000333,35,30.00756555
11.46573435,8.9006421167,28,26.4150574833
8.87769925,1.0118036833,34,31.8666890333
15.46617915,3.4485300167,35,35.4666471
7.9648545833,2.5019158,32,30.0111445
5.7599199667,5.1223525833,27,20.65880515
5.7194013,16.8929265833,33,31.8407282
18.5153943,4.9074362833,33,33.1494207167
6.46886725,1.2222741667,32,27.4386197667
3.6962214667,2.9200557167,30,28.1598427
6.8688036833,7.0865666,32,27.1256720667
5.65780365,8.2700321333,34,20.6666187833
7.2795502167,6.9083488,30,24.9955802167
11.88939245,2.7381424167,32,43.7587059167
12.02915295,9.3614906333,34,35.9715223667
13.8883349833,9.0382058833,29,46.6988707833
17.0905479333,2.4774697333,32,47.1789679667
12.3080258667,14.8738577833,32,39.0797746
7.8856935833,12.0984108667,37,38.3924384833
6.9914846,15.68658615,37,32.0743195167
5.9961727167,2.0000743,33,35.49871125
5.6359780667,3.0769037167,31,22.48113975
7.41704865,0.2922417,31,25.7402552833
3.8308396167,4.2789765667,23,20.1448334
4.0680427667,7.85554565,29,17.9589351167
5.86208065,0.2583261667,33,38.1835815167
8.2707610667,1.0463063667,32,30.88569875
8.3755667,2.4838696333,33,21.5743405833
6.60354695,2.8945917833,34,35.2121029167
1.9939020833,0.1135045333,28,29.3229245667
7.6401138333,4.9534813667,30,36.8461138333
6.3739085,0.1708982,25,14.1660517333
6.5017559333,3.1055353667,24,26.4223690667
16.9246144833,1.8114365333,29,35.5703933
11.7819728333,5.7099006833,33,29.8319050667
5.6497187167,2.7315018333,28,34.8483765
6.8444159833,12.4108525167,29,28.0911633333
9.8609546333,5.6344766833,32,35.7378378333
6.9968022167,19.8583389333,27,44.4946708667
6.8742985333,5.7387889667,29,23.0803074167
4.6833201333,6.9146674,30,20.35714855
7.0077379,21.0950001833,27,49.0327324
4.3879962833,3.4249059667,33,19.87384535
13.5529908667,6.3039357667,31,56.0539887833
12.2466084,7.9725643167,35,44.3687517333
6.9313958,1.5338917333,24,35.4718968
8.5307529667,2.33035285,26,31.0775426167
4.66392675,12.4575887833,24,30.5936572167
6.4705803,12.9348855333,29,26.1658055833
4.1554713,13.0238159333,34,37.3870029
5.9780398,4.0290074333,30,39.9046248
10.4035476833,10.1484122,30,40.48770565
8.538664,3.6604192333,31,21.0848591
7.6396364167,14.2246378833,29,46.7764358833
11.7410128333,1.2898180167,37,30.8232424667
10.03984795,12.9101486167,26,37.9917802167
11.5201827667,6.7318538833,34,44.9284444833
14.2275014,15.3291032,33,39.5480598833
7.38948285,22.1880884333,28,34.5935635167
6.3023401333,5.6380255667,32,35.8186657167
9.0567059667,3.1348882333,30,21.1884569667
6.06927195,15.0984252,27,33.1269073667
8.1226525667,8.6366689667,30,34.7348100667
10.3324927667,9.8180502167,27,47.1269391
6.9104119833,6.8543558,26,24.1456457
7.9904674667,8.11589605,31,33.00515725
10.0217382333,5.9184691,30,35.5466197667
7.9188203167,2.0957011667,25,46.1357562333
6.6730728667,0.8452676833,35,37.3984353667
6.0216956333,1.6301132167,37,25.7023424
4.8728156333,1.8788311333,28,22.2784004333
7.84000085,1.2926092833,28,16.9163537667
7.1065388,0.12038145,29,22.4410974
4.9000357167,8.7036891833,28,27.17219215
4.8933754167,6.2997611833,28,23.78031425
3.8896241167,13.1616434667,25,25.5619866167
9.0274982167,4.4787240167,33,50.9116025833
13.1560511833,9.4517594833,27,38.3398442667
9.9719680833,3.5625100833,32,29.4189976167
12.4583791167,2.4880099,35,22.8929727
7.8247478333,7.6100955833,36,34.1275135
4.8800387,13.4001293833,33,24.9141653333
6.09216155,2.6505408167,30,15.5406701167
7.4402341,1.58229615,33,23.1464457167
4.68374665,2.5376208833,30,34.33466835
5.8804269,3.7183418,28,23.1212602667
3.6944844333,0.4240102333,30,17.83495365
7.2830724167,2.2910085333,25,28.1294969333
6.04058365,4.4216064167,23,22.7597902167
5.4148573,10.2361602333,25,21.8025257833
7.8425206667,0.3958427833,31,32.4787788833
10.1195463667,0.6673172167,28,27.77196185
5.7022388833,1.9355940167,23,43.7429538
7.5078751,1.9416763,29,27.5164099167
9.24881075,10.0208256167,34,27.7645316
7.7022792667,0.6005917667,23,18.16601385
8.2071906833,0.5749830167,34,28.2347467333
8.1528668333,3.3888001167,31,27.3622909833
8.5199840833,2.6019759833,32,24.3542049833
7.4806529333,11.3291376833,26,28.1541361833
14.5807587,0.2086070667,24,27.9851629333
12.04828905,0.7702131167,28,21.0920080167
13.01324035,8.52651045,25,47.9474988667
9.0898715333,0.0981539167,28,33.9732323667
6.7666954333,2.4045145167,33,12.9754393667
11.9578399,10.8211230333,32,35.3647826833
10.4039029,1.4954591167,32,37.05701385
11.1626511167,1.5638193,27,25.3199144333
11.7274935333,8.0240146333,33,55.2786067167
10.4372821333,7.2633085167,25,38.1316219167
10.6076933,0.4111822333,35,34.8672969
8.1213893667,4.4449692833,30,17.6523609167
6.9253503833,18.0372816833,34,36.9048690667
6.9525605,3.4178479333,27,37.883399
10.5491330667,0.3311479,28,40.1346596167
8.2443874833,6.8171994667,30,28.78895555
7.63147095,0.2468505833,33,36.8209706
17.7057271,0.7823477833,30,38.7005053833
12.3483664833,2.6762040333,30,38.9136241
11.2846069667,1.72627415,37,23.90305015
19.89719645,0.10299045,30,30.7499571
15.7134745,1.67188,32,30.6452319333
12.76242655,8.54250155,34,43.08284705
12.7974839667,10.9316601833,24,31.5078005667
2.7020224167,4.6135520833,28,23.4234101333
11.0654974167,5.22575175,30,24.34936505
12.0123906,1.2142526833,32,28.7457808833
6.7550585833,1.5967979333,28,32.6386046
13.1805084167,2.3641410167,30,27.6999049
13.7708021667,3.0228651,31,29.7012714667
10.6563799333,5.3551234333,23,31.2045220667
14.3858411833,5.4450131,28,29.9856243333
13.7938441167,6.4578444833,27,25.3276276167
11.3677180333,0.3298476833,30,36.3463525167
12.2931638167,8.58524255,30,30.5206619333
9.31508005,8.0254085,37,29.691329
8.8356114833,0.1639349,29,27.7784048333
6.2449939,2.3470965667,34,40.1269781
4.1788647333,7.3099634667,28,31.3145014
9.9188391833,1.3707410667,33,35.3651319833
10.88105945,5.845752,32,33.3162840333
17.4723465667,3.30419275,35,37.5438853833
13.0895580833,9.50174315,27,30.9775533667
8.5177480333,1.2826362,28,38.2895222167
4.6438753,20.7538173667,34,35.9576726167
8.4993874833,5.3063168833,27,32.8154945167
7.4375207333,12.8963607833,25,29.8505049667
4.70372715,0.9307786333,22,25.1336818667
13.1458873833,7.6058250833,27,30.5144914833
8.5407416333,5.2383300333,29,17.7986052167
8.2138084833,3.7938858,30,26.46987025
5.0623726833,0.1913320833,37,55.1502353333
7.34157665,7.9746405,31,27.99682675
4.8771651333,0.2070186167,28,25.4131032
6.0433273833,6.3438445833,30,41.7695103333
6.64618365,7.8344712667,27,43.3567064
10.0075757833,6.6049569667,27,34.2389012167
10.64731115,6.6304547167,31,26.0977255667
6.72148975,3.9270204,31,65.09790995
11.5389010667,8.33753955,25,45.72147105
9.9158208333,11.57193895,32,37.555941
15.1889656,4.0120114167,30,34.7605218
1.22440185,16.4566572333,25,53.98532005
8.0552425833,3.3379873333,30,46.0673492167
11.76964365,0.2843072,26,38.06985455
17.2678716667,0.1450640333,32,48.6862593167
22.1763111,7.3346738167,35,37.3048556667
13.68065395,3.95803085,34,38.4882452
20.0786706167,8.8536680833,28,47.1013299333
10.9937209,7.3243964333,30,31.9355003667
9.6680462333,9.4346324833,25,36.44509085
11.2248741333,12.5425495667,34,34.2029290333
10.56065895,11.1802538,24,30.4261385333
8.5565184,1.41631095,26,21.4729460167
9.29501315,1.7164776833,29,21.1823784
6.66979165,3.7545872,35,48.9262773
12.8345462833,4.5030965667,30,36.6030201333
6.5202579333,16.5915469833,30,29.2175956333
6.1355674,5.1351915167,24,36.61257015
8.89123915,2.7828979,26,24.36159745
5.4113918167,6.0783629167,34,25.3295103
8.0462137,2.4627935667,35,29.9217181167
10.6877104833,8.8474647667,32,26.4682700167
8.7675492,1.4426214,23,20.4267296167
4.9327628167,7.3164370833,32,17.3691079833
6.7723059333,4.7539509167,30,34.16222935
5.3679431667,4.2420788,30,51.4998672833
5.7386705167,5.5818566167,36,32.3277981333
8.4074123,2.0440332667,30,47.4859556833
5.48190285,3.8170500667,28,15.2299383
17.19036335,1.7133436833,30,36.0536926333
14.0894417,0.7555186,25,26.4750218833
4.1102908167,15.4720671,31,28.1583058333
8.1106646667,3.8047275833,26,23.62561395
8.08555805,3.8562680667,32,35.3355507333
7.2285340667,9.08284135,25,34.1831315833
4.8062781833,4.3561314833,34,23.7900197667
5.5426150333,4.740006,32,32.20518715
7.9258633167,4.2882231833,31,19.6360286167
7.4067696167,3.6044674333,29,30.26068175
8.10724545,1.2024525,31,22.6902661833
7.4864246667,1.6623809833,32,26.4035806
3.13753305,7.8524047667,30,19.6328754333
6.2955256667,1.9916478667,27,15.8803915
5.8049022167,0.55478845,33,22.9041450833
7.01446995,0.95851525,28,21.4189483667
7.0660667,1.5236517,30,25.0657814667
19.7784828167,1.11298455,28,26.12333825
2.8727477333,2.1192411333,30,29.39926525
12.2316397833,10.2363652333,33,33.2970972667
16.11694245,8.2438697,33,35.2309738833
8.4071647667,2.4289076167,31,40.17670805
10.1849671,2.44853845,30,27.3141331333
12.50872165,4.7674033667,30,39.0715145833
6.9853154333,6.8191698833,33,24.6372189167
7.1367129333,2.8325594333,29,32.2857803833
6.2885193333,18.1704761167,28,41.18825735
17.4808015333,4.2015996833,27,26.3107420833
16.68309505,20.8912940333,29,43.1476465833
15.8767171667,22.3503306667,29,49.4670204667
0.7375868833,19.0684165667,27,20.0482391333
7.3263221333,13.2729066833,28,33.0290791667
8.2874782167,12.5624230167,33,40.1342000333
8.8560658,20.8005352,29,35.87823965
8.5173875333,6.15473795,30,25.5111158667
9.18338225,11.9594602333,27,37.5277167167
8.24963905,21.7028083333,37,39.6081313833
6.68781455,12.5227397167,32,40.8579188333
9.7695717667,30.1511476333,33,46.8440768833
5.3408896167,20.4006687667,30,27.9231578333
17.1997885833,14.0513983667,31,35.5991438
14.5061749,0.07112615,32,15.0513928167
7.6859193,1.4495195167,33,35.2004716167
17.6732694833,18.8955943167,29,43.0938569833
15.9860652333,21.0832733333,26,78.91619415
3.3252121,7.5863849833,30,28.7529618833
5.0498409,6.4610095,29,38.8778466
11.3902241167,1.3822726833,31,36.8369234333
5.3728482667,8.8236657833,32,43.9377260167
11.1876871833,3.4226986667,27,38.4170394667
11.6974182833,3.5488788833,30,31.3244478333
7.2680445333,11.7704510333,33,30.9466598833
6.54836885,3.6696926833,34,30.7475228333
4.1510127,16.5612020667,32,28.7614346833
3.7947909667,12.4392826667,38,26.5014578833
8.7124322333,0.9116791333,29,39.4978584167
7.6916030333,2.7114136833,27,30.3400920333
9.1782490333,3.9987482167,27,23.1559727333
8.0522331333,7.5611229667,33,43.5081068833
3.0216520333,2.4482480167,28,26.5428273333
8.27152085,3.2530460167,32,22.0620564
4.8903741,0.7597792333,33,30.6615268667
5.6794617333,3.8471208667,24,38.1904516
6.7178292667,2.96951365,26,24.0209674833
5.8629292167,7.7130239333,26,30.4846786
6.14975615,6.2151267167,30,30.4160177667
9.1651731333,6.5725072,32,28.20847895
11.80140795,9.8729719,42,46.2410051
4.4212549667,4.7530656,28,21.6591334167
5.55676695,10.21388495,37,40.7122261167
8.5063596833,6.1847409833,25,29.5257783333
8.13476105,0.44040535,34,21.18630465
5.84816485,4.2663829833,35,26.9558473833
5.0500155167,5.06530195,37,18.6107420667
8.3533750333,5.7883395667,32,18.3571780833
6.0303743667,2.2658350333,23,26.8390349667
8.7328644,6.2663966333,34,28.2298637167
8.3210762,14.0182221333,34,34.3275123833
8.9436712,6.0386807167,33,37.3039099167
7.7629205833,12.91948985,25,38.8853807833
5.6993231333,3.2388241333,32,23.6744580167
7.6039207167,3.2619288667,33,40.35134545
4.34390445,1.01254,32,19.7959061833
8.4603289667,14.9147860333,29,47.4692227833
7.6521523167,8.0234975,29,22.93936425
11.2149307167,4.01731805,33,34.0768372667
5.6007698167,3.7648630333,32,25.3125416167
7.62639945,6.0118939833,30,21.6158279
4.8827552667,4.35991065,35,24.3969912
4.0905135833,2.23408045,33,17.49997185
7.3353670833,3.58700945,30,33.2545716
9.4581986667,2.6871903167,36,32.7924733
7.8233178167,6.5047648833,32,39.5202273833
2.8759906667,14.6118948833,36,30.09507185
7.6166416167,3.0616681,31,22.5528577167
8.6494620833,1.8132832667,25,33.6404367
8.7672935333,0.9261242667,28,16.4796349333
6.0427786,5.1724404667,25,14.6048752833
6.0108523833,1.8766917167,23,21.05250565
5.8916854167,3.2497804167,33,25.8842227833
6.06745815,2.39777605,27,18.4160261333
11.0638572333,12.2804420167,25,37.3606926167
6.999908,3.6029476,26,21.0499177333
4.8940692833,0.9811557,30,26.24602675
5.1263360167,3.8564614,30,22.0108543833
9.6423539667,1.4261187667,30,36.38666585
6.4928732333,5.3531363667,23,23.1038472833
7.11727585,8.0767286333,23,20.8334096
8.7019718333,7.9566433,32,29.3554001833
9.1360869667,2.06490405,30,22.6448082167
12.0674755167,0.1681719,37,25.7995165333
16.2473469,0.1260430667,28,26.7058368167
23.7927834833,3.68451025,28,32.6093629
6.6808696833,1.9781776,27,32.5093885
7.6836657167,2.0081310333,33,21.6293269167
9.8628664167,2.67080985,31,25.1934805333
14.6010854833,2.58393075,25,28.5466517667
10.9632314667,3.7600407667,30,29.2613680167
11.6576441167,0.9830892333,30,24.7453290167
5.4408661333,2.0487993833,33,25.3429481167
9.5833673667,3.0632483167,30,28.1119563667
12.6645460333,3.0984423,27,27.2876513333
10.1159028,2.5564763,31,23.28578775
13.6070648833,2.5244056,32,37.28327605
8.9747665333,1.2332035667,37,27.8519684333
7.3177270333,7.6401910333,27,23.8108624667
8.1044505167,0.2383489,24,16.10873285
11.4228755333,1.1333455333,33,33.8581341
13.0789285667,1.6368483167,30,15.16140235
13.2648492667,0.2039792167,33,42.6739745667
8.08137515,0.0831878,24,15.4974026167
9.6093794667,0.1025629,30,23.8696537167
5.7303189667,0.0988634,27,20.1209150167
3.2518466,0.07774385,30,24.6013106333
9.6021883,0.1018082333,32,20.70024525
1.9249683,1.8100345,28,20.5797150667
8.39506775,0.90803675,31,27.9012420333
8.3419222,1.5394973667,31,36.23591135
9.0024773667,2.7741435167,30,20.9360772667
18.6948082333,0.2973786167,28,24.5028654833
0.3185753167,0.29388305,28,4.78613455
2.6029543167,0.1062868833,32,22.0484667833
2.16841325,7.7822812167,32,23.6669918833
7.0853968333,5.6268576833,28,39.8599278333
5.9706427,0.73234985,26,27.36213645
7.6273791167,0.7469502333,27,22.1629198333
6.4986816667,3.4696790667,31,16.8913668167
14.071357,8.48425145,28,43.1134157667
14.43010565,6.7715382333,28,30.58452015
10.2116790167,11.04097165,31,32.9809679333
6.0405887333,0.1472793333,27,14.77489825
9.1091282667,8.61662675,25,25.5969433
10.1568131833,20.1683920833,27,36.2038942167
5.9521578167,10.5872295167,29,33.7648303167
3.3512929,0.10762655,31,26.6148524
16.4710511333,5.4443507667,26,47.77113215
8.3027236167,3.7665182167,24,27.39672465
9.7817640667,4.8200702833,33,22.2764626667
15.0275141167,14.8828020667,33,43.7398033833
7.4261828833,10.3264314,34,29.0068052167
5.45562655,2.1451466333,31,37.55075345
6.82871465,2.1500867833,32,38.92287195
6.1496419,4.0396710667,36,40.2094116667
9.8432065833,1.10903435,30,24.2329204333
7.95268235,1.59031895,27,19.0461179
7.9746891833,9.9153838167,31,34.01966165
7.0890725,7.0650909167,33,33.1800750333
7.0900088167,9.39449665,24,30.6960444
7.3845977833,1.3441834333,33,46.77772855
7.2427594333,12.2462256,32,24.23585755
8.4300182833,4.4136797333,32,38.2444730667
7.6220998,9.2741316,27,29.5977867667
8.1330201,1.0541831333,26,27.21504175
5.9759682833,1.6051606333,32,25.71324595
6.5641046167,0.1125519167,23,24.7382760333
9.3630555167,0.7168338833,30,25.7631844
7.9410250167,3.9957118833,29,22.4021626333
8.95202725,4.0071765,28,18.1895241833
11.2067337,0.6238854833,27,33.4577391333
7.7295534833,2.5146968,27,16.0180570667
8.0477966667,7.68287455,32,29.2239268667
9.34161325,3.56135875,33,21.0499824667
8.60227065,4.3795079,29,19.2311800333
5.0368812333,7.1445424667,30,23.5714257667
6.6194506667,9.5958554,30,21.9087317
7.0076936833,2.3570602,32,33.0094262667
10.7803054667,2.2815120833,24,46.9343256
6.8367058167,8.8668332833,35,32.0839844667
8.4906054167,0.4472881667,29,29.95632155
8.9583064333,1.6365635833,29,27.5930117333
7.9630120167,1.9735004667,26,41.4623171167
6.0645358333,4.2677503167,28,20.8183537833
6.2690045167,11.3313659,28,26.1095068667
5.9055514333,1.9941176,33,34.5079486167
5.5376091,0.54277875,27,25.0462633
6.7715412167,7.4572517167,32,27.5677299667
7.5469239167,2.6191646667,30,28.5064289667
3.8903489,6.3992346667,28,30.8999201667
8.1639934167,2.9389106667,33,23.5086375667
5.97159725,13.46501655,28,25.8054585833
5.6319229667,15.17892615,25,33.53010355
5.6363949,22.5896581333,30,47.3319427833
5.3967958167,4.5437884833,29,34.0995866333
7.1841187667,3.75389955,34,23.3221439833
9.2333644833,3.64116,30,24.9647983167
5.7276537667,7.27170205,33,37.7772063167
6.8855394667,2.8002539,32,34.5505725
7.2821063333,3.5165462167,30,29.4382137167
3.0526890667,5.06636425,32,24.0439684833
5.1500474833,10.6999638667,25,28.28593505
6.0654517833,13.624367,25,25.918796
11.2231400667,4.8254300667,22,45.2796397833
9.9755786167,1.2564391167,34,44.0042552833
10.8722416,6.9672053333,26,32.4623605167
8.7048372667,6.5876300167,30,35.54842025
6.7960084,10.8753962833,33,34.01871125
8.4126366167,1.0820801167,25,36.6116374667
9.48055415,0.3413475333,35,33.2913519333
10.93805795,3.4490652833,33,27.9993356667
7.97069965,0.2215509833,30,16.3840939333
10.16189385,1.5440415,35,39.7997644167
12.09065625,1.4792895833,26,23.42823755
6.5080624,1.6150800667,29,14.0052134333
8.2980230333,1.8128157167,25,22.1149798167
7.7219904,2.7326607167,33,30.3443448333
7.8668851167,1.8453352167,30,33.25710245
5.8536945333,0.8253672,25,16.7282758833
8.56365735,11.7848440333,27,22.0796576167
9.6238067333,11.79430725,25,22.2771211
12.4442144833,1.4811632667,32,31.9668687833
12.9311444333,1.4860145167,32,28.9209268667
10.68760485,4.4590350833,32,26.0253328167
10.07912045,7.5309828167,32,21.2580120667
8.4381934333,11.3406813667,32,27.1188478833
13.8267513333,5.3129357333,30,35.7885189333
14.8735812167,10.7968797833,26,31.6952959833
20.7789637333,0.5364849333,32,33.22252275
9.8464884,0.08623675,26,16.4946350667
5.67685595,0.2339951,25,30.4250826333
9.5894247,0.91116535,32,29.3289668667
12.8680803,3.46648315,25,28.5966017
20.4471658833,0.95983375,33,59.2559477833
9.2561451167,0.0955857667,24,29.3300415167
13.2145172833,0.1947840667,32,31.4837042333
11.3265330833,1.3496313667,27,26.3101643667
13.43987855,0.07858675,32,31.35656105
11.8401457333,0.0603555333,34,24.5542359167
7.65543035,0.9603982333,23,22.685862
9.1527788667,0.0667440167,32,21.3862328
8.33166065,0.2347617,27,13.8337915833
12.52866825,1.8459120833,32,32.2880656667
20.3594895833,0.0968163,28,21.9948085333
13.53767035,1.4960666,28,24.68672895
17.7576449333,3.2824758667,26,32.6515981833
7.8838738333,0.07134595,25,19.36050025
14.14814425,0.1425089667,26,20.0593888667
13.378169,1.0739020167,32,17.3459583833
11.8736628,0.12298355,33,29.3061521
8.7988729167,0.1103996833,37,34.63001245
19.3091738833,0.1578666833,34,28.1247850833
7.72286235,0.13700725,24,22.1427163
18.98961325,0.0955771667,27,33.2646782167
4.1835985333,0.1901809,32,53.5663267667
14.8683465,0.2609382667,31,25.2525032
9.55739305,0.2383311833,32,43.4657325167
21.3362056,0.3409608,27,27.0668113333
14.4537151,0.28059015,31,31.242877
11.3659879833,0.1219092833,36,36.5008634833
14.0865000167,0.1184818667,30,26.4940277333
16.3117326667,0.1358004167,30,24.6501108
19.9373546833,0.1637754,28,24.31704485
10.9114811,0.09263235,32,27.2230970667
8.3923087667,0.08829645,29,11.6133182333
12.0566718333,0.1172663,31,24.4997005167
10.0634095167,0.2106621333,29,16.5115025833
12.3597606833,0.10907865,28,22.3154932333
18.06378025,3.3132884833,30,24.0791367333
13.1099658,0.05199865,33,32.2145237667
19.7258050333,3.0072621333,28,31.46222675
0.2645100833,3.42106395,28,4.1345199833
12.6031197833,0.4476171667,28,13.2808243333
11.1657543,7.9807699667,30,44.3657664667
7.9914111667,3.82482125,31,40.3299470833
6.1157821833,19.0476826667,29,50.3943372167
5.4955533167,20.0916520667,26,50.6357373833
9.3398724,20.1478747667,26,54.5364003167
4.74013035,34.9264791,30,64.6830773167
8.1425067,4.6038952,30,21.2902806
8.6995942833,27.3458445833,33,50.34710205
7.8071777333,13.5194195167,25,38.15614645
3.4950187167,5.0495987667,30,111.5881704667
4.8506822833,9.5995872667,25,29.9139389667
4.5239349,0.1742139667,33,75.0330030667
5.2186447667,4.3931828667,31,73.3906259833
5.0246853333,2.6476489,34,26.6749086667
6.1396753667,0.7271547,29,24.94434725
11.13828565,3.0271615167,32,33.9925895167
10.0828173667,1.3642056667,26,20.5169194
6.0282327833,9.13566725,29,29.77809595
4.6275254667,10.6358987667,29,22.5819425333
6.2233662167,1.48780645,30,29.4096969833
6.7482657167,4.0561640667,32,21.6658709833
5.9353480667,1.92297185,30,22.9935239167
6.4382467167,1.032662,37,27.22492325
6.2243477833,6.8945794167,34,52.9733697167
1.3831795833,0.5528851167,28,37.90313525
6.3969418,2.6888855,32,33.1045341333
4.90078775,15.870967,31,32.75794595
6.1792146333,2.8065534833,30,28.4855118833
9.9565936167,4.4750542667,32,24.19558265
6.50806415,1.1415678667,31,35.9410697167
13.0611394833,0.1488068833,33,31.41654925
7.2637333,1.07392825,26,37.6644651833
9.4461708667,0.3450399,32,24.2638376667
10.6060392333,5.7996838667,32,25.59258835
8.5480620833,1.1136348167,25,22.248807
8.4231392,6.7541923333,32,44.4963475333
6.5277792333,8.7353194,28,21.5490925333
4.7311520167,0.54515105,31,35.2022169167
5.5575859333,0.1559549333,31,20.6824452333
5.2901962667,2.8438381333,30,30.3039119667
5.0741179167,1.9470127333,34,28.1770732
6.1863192333,2.4428110333,33,27.5113681333
8.2212082667,0.8929618333,26,27.06009105
4.8337049667,0.6869033667,26,26.93587505
13.61536435,2.0360774833,26,31.1388608
13.20250325,2.91920635,31,28.5591689167
6.9852837167,4.6983778,31,40.2850181833
9.6472077667,7.9385890667,27,27.3831522333
6.45425645,9.3711267167,31,30.1760258333
3.56956635,2.2039049333,30,25.2879814667
4.3881317667,2.7332915,30,29.88246805
2.9713697333,3.9655439833,23,31.3886544333
6.41576185,5.4818374667,25,23.2937414333
3.7896949833,2.7117389667,30,12.4750461333
4.8435836333,1.1304487667,31,25.0657559167
9.1890449,4.8586866833,33,23.5980049333
7.8765592167,2.1477363167,28,17.7872328333
8.1226382,2.1641253333,26,25.8189575667
4.2743259167,4.2760931667,29,30.5140152333
2.3820831,4.3835259667,37,37.9653194667
5.8033199333,1.9082220167,31,36.4835744333
4.11779115,3.7712934667,32,29.8726951667
7.784129,4.8439981833,33,32.6710954333
8.9161033167,4.2704148833,27,27.53769285
5.7557374,4.8797778,28,26.9600235333
7.9244296833,1.3867460333,30,37.31394645
6.2039212167,0.9800990833,33,28.1421683333
6.5534804667,2.7352187333,30,20.0799230667
9.8240278833,3.2846827667,37,33.96240535
12.5652361333,0.3012218,23,27.43019645
10.9539874,0.19912415,33,27.7815283
1.13702805,2.07182605,28,9.8968629167
4.4087793333,2.1031298833,28,9.9321353667
6.8967903333,1.7819558,24,29.9034781667
3.7327846333,3.3577891667,32,26.9547225167
16.5040463167,0.2420303333,30,47.7096828667
8.8358090833,0.1388252333,26,28.3606403667
18.6315094667,0.1130012167,28,27.4267612333
14.5202026667,0.6235237667,28,24.86452955
22.1405248333,0.0777123333,34,37.7070704
10.4169515667,18.1164691833,33,36.3010970333
8.01579025,0.1370199167,28,12.0527671
6.59752845,0.0643539167,30,19.6917974
9.8051697,0.16556795,34,19.4741385
12.26960665,0.1685973833,28,27.9353027833
4.8897939333,2.14036455,30,16.6693507167
6.5159752167,7.4865206833,30,29.35806085
7.60025715,0.8169188167,25,18.5672808167
5.1146647333,1.0956464333,27,21.8178032
7.7063272,1.1928576333,23,18.0756338333
8.6235087,1.6316535833,26,24.5872185333
9.3976489167,1.22832635,25,15.2486037167
7.2821255,0.1620607333,30,32.57460635
9.64265805,0.1629638,30,22.4160752833
10.3120313333,0.1808046833,28,17.4638655
7.8143713,3.9822964667,30,22.5983761833
7.5763652833,1.9872194,31,23.6393249833
7.6399292833,4.4581783333,32,28.5069474833
6.92664605,0.65384265,28,19.5190869833
8.1940093167,0.1039487667,31,25.7782105833
9.7714640833,1.4546135667,24,34.0074472
12.04377445,0.1485725667,28,24.2639227833
8.1182047333,4.5423692,30,20.7150245667
8.5980748,5.9358986167,29,18.6004497167
9.16596905,1.4364550667,28,23.4412467167
9.5231313,0.2329947667,31,23.4975926333
6.0538989667,0.6802919167,27,20.5965264333
5.4191504,0.17590065,30,9.5575259833
9.0743224667,0.27080105,30,16.8059728667
7.59906365,1.1887986,25,23.6676072167
9.0221962167,0.1005105833,27,17.6951789667
6.1689651667,1.0447235333,29,16.96693895
3.94069175,2.0646365667,24,16.2335182667
10.5107248667,1.9418919833,32,30.8806846333
17.8993603,2.2464418667,28,29.0555252167
6.2165487167,2.23198415,30,20.5134711667
7.9119398333,0.6096202,25,23.4986820667
7.9714786167,0.7409467,26,22.91503445
13.4292393667,0.5856328667,28,31.1405298167
7.9552194667,3.9961200333,28,31.1951085833
11.88126975,11.1046805,32,34.0052056167
6.4248368667,1.1216134167,32,35.08179675
5.5660913333,3.0486689667,30,22.3719976167
5.5635647333,5.3255399,30,41.1030353833
4.8649786833,6.2173679,27,21.2490275333
7.14695055,3.6386154333,28,23.7559791833
5.0662799167,3.4477493333,30,22.61479105
9.7039076833,0.5111867333,32,25.3764465167
18.95985295,0.4030397833,29,47.57504415
7.2791139833,6.88820785,32,21.9623306333
4.2903205667,1.6657099667,30,32.8446915833
7.73970405,12.3348939333,32,61.6105054333
8.87607845,7.9443110833,34,27.43529955
9.4532036,4.2225231833,25,20.9911099667
9.7008687667,0.66769985,24,18.0546029333
7.1270396833,15.4754079167,31,42.3244174167
6.8615553667,3.2967176667,30,22.2436602833
13.2848323,0.09022425,32,17.5872109
9.6171559333,2.5885305167,30,35.4998515167
10.60354175,2.6161882833,30,44.28046435
0.6784545333,0.1360321333,31,34.5194921167
8.8101903333,1.649593,32,20.6444283
10.10276715,2.5666828,29,17.7659585667
12.6693603333,3.5942979333,33,34.3099972833
10.6126690333,5.6936460667,37,36.4951622667
10.9106934667,15.2721456667,30,36.3194830833
10.68879475,5.9856677,25,25.67159495
10.6752845167,3.3663779667,30,67.85600825
8.0792939667,6.6178547833,28,50.5539409333
7.7474581,1.54566715,33,23.76676915
6.46485605,2.5963772667,24,38.7648913833
12.55563905,1.5614810833,37,37.7623775167
10.67161615,12.6279131833,32,41.2208662167
10.6422263333,2.48401405,24,27.9899839667
5.1408483833,1.0391779167,28,18.1173821
6.2326042333,3.6457622333,29,43.7040287333
8.2555736833,4.7540158833,30,29.92001955
10.2720669,1.0662982667,23,17.2563107667
9.96392345,2.5783041333,33,45.8563608167
9.8754070167,2.8909484167,28,29.4350016167
6.9389531167,0.9106580833,33,37.9948126833
7.5784053667,6.9873980167,30,29.66586945
8.2466613333,1.6563907,33,34.0837398
8.48045685,1.70154865,32,22.26572585
7.3167027333,2.8856195,29,32.3364767333
7.7095128667,2.8913433667,29,21.66339575
9.9425142833,3.8463688333,33,28.2289284667
10.0069655167,2.1065572167,28,16.9105787333
4.5153932,1.5645270833,30,20.4113059333
4.2097633833,0.1921624,29,18.05658815
7.1213008667,0.4986721,26,17.1037353167
6.2810962833,3.6814732667,30,14.9179073667
8.8993093833,3.0516346667,28,31.4238583667
10.1167473667,1.3745598833,28,33.66278735
10.0656395167,5.0731394,34,32.8008381833
8.5992070333,6.6326818333,28,35.6501347667
10.4693731667,3.8972265667,32,27.5147095333
12.89576755,4.8145430667,30,32.628112
12.8584040833,0.2572266667,34,27.1332135167
3.2147495167,10.2051834167,32,34.4216526333
8.7004114833,1.5714777167,30,16.9675664167
10.9476117667,10.2389629333,32,28.1944458167
4.43974885,4.2773023,29,14.5990093833